0 0.4870846905537459 0.08701954397394138 0.5805537459283386 0.15503257328990228
0 0.8958143322475569 0.2977687296416938 0.18195439739413685 0.12050488599348536
0 0.8530944625407165 0.4400814332247557 0.2675407166123778 0.12557003257328994
0 0.20900651465798048 0.46065146579804556 0.38815960912052117 0.23456026058631918
0 0.5611237785016286 0.4653745928338762 0.3025081433224756 0.22228013029315963
0 0.101628664495114 0.2767100977198697 0.17068403908794788 0.11097719869706839
0 0.0781758957654723 0.7426384364820847 0.1373615635179153 0.30447882736156356
0 0.23876221498371333 0.8326872964169381 0.17079804560260586 0.1615635179153095
0 0.41511400651465796 0.7880130293159608 0.18962540716612383 0.15908794788273609
0 0.6896742671009772 0.7426384364820847 0.33428338762214993 0.13620521172638436
0 0.7291042345276872 0.84814332247557 0.25571661237785004 0.1354885993485343
0 0.9193322475570033 0.6941042345276873 0.14485342019543984 0.48159609120521163
0 0.4156026058631922 0.6362540716612378 0.6846091205211726 0.13516286644951142