0 0.8123941368078176 0.6798534201954397 0.33814332247557005 0.32548859934853425
0 0.7746254071661238 0.8154234527687296 0.30874592833876213 0.35234527687296424
0 0.7333876221498371 0.12814332247557003 0.15258957654723118 0.23433224755700324
0 0.8748208469055374 0.32905537459283385 0.1426710097719869 0.32967426710097725
0 0.6693648208469055 0.3255211726384365 0.10094462540716616 0.3524592833876221
0 0.7493811074918567 0.34382736156351795 0.1496905537459283 0.3184853420195439
0 0.47167752442996747 0.09379478827361563 0.24560260586319216 0.15773615635179153
0 0.480114006514658 0.280700325732899 0.25174267100977205 0.24379478827361564
0 0.09185667752442997 0.0632084690553746 0.14298045602605863 0.10469055374592834
0 0.08633550488599348 0.34561889250814337 0.16452768729641692 0.17548859934853425
0 0.25141693811074917 0.12293159609120524 0.13754071661237782 0.18343648208469057
0 0.25962540716612376 0.3179804560260586 0.15008143322475573 0.22609120521172632
0 0.4206514657980456 0.8934039087947881 0.12198697068403905 0.08213355048859945
0 0.13855048859934851 0.9499348534201955 0.14951140065146581 0.08664495114006522
0 0.5337133550488599 0.8634853420195439 0.13635179153094468 0.06302931596091213
0 0.15721498371335504 0.8799837133550488 0.08912052117263844 0.06073289902280125
0 0.29087947882736154 0.919657980456026 0.12301302931596096 0.08306188925081433